function qi = qinv(q)

qi = [-1 0 0 0;
    0 -1 0 0;
    0 0 -1 0;
    0 0 0 1]*q;